0.0 1.0 0.0 
2.142857142857143 -0.42586580471366753 -0.3965950385318165 
4.285714285714286 0.07650326723238297 0.3902217386556169 
6.428571428571429 0.0705932115222462 -0.2481095794578582 
8.571428571428571 -0.09566258698237745 0.11046414434429878 
10.714285714285714 0.06994577897464685 -0.023706771547062574 
12.857142857142858 -0.036055507432809615 -0.014510249573811484 
15.0 0.011518345694668652 0.022397085467223528 
17.142857142857142 0.0010164457576847675 -0.0170671292382987 
19.285714285714285 -0.004945362009138755 0.009121435642077283 
21.428571428571427 0.004517737984912776 -0.0031290401999353244 
23.57142857142857 -0.0027512580015453683 -4.5507307914315515e-05 
25.714285714285715 0.0011596347211016564 0.0011165312702875194 
27.857142857142858 -0.00019864159889889906 -0.0010830014521931396 
30.0 -0.00020174733740983914 0.0006831645584023152 
